454460512
937987910
482062810
59803164
326186262
275924842
661438502
1356334
161522392
970442276
742751142
877401994
724126460
934939042
474717236
665610326
614649358
146089330
69523946
287972192
335780186
238404656
1142340
917185658
763059472
171140574
820883822
764053518
83205368
833581432
212940732
192815610

320900977
470281835
8380081
471559935
840124573
238597227
736081379
422473841
593511577
688178801
765500607
579058657
885568839
295325151
115678255
958966185
712459165
271785145
573810523
352144237
80857717
73920533
501816911
384098575
78442667
31219795
944290811
15234157
605045523
802428367
29726723
25679353
842534511
109241833
14812686
442910452
41545404
731452332
362814858
477503838
781804572
806457398
167110494
437951970
685979848
194499552
639724560
104682646
491669350
630060910
148813970
333780542
190986576
48730074
91465102
604176392
365335134
175275668
348781500
937803294
58060604
702642262
265136462
783587258
351457834
862141638
667780614
427191742
520669502
280265482
158121852
751032248
474148544
150242194
825451810
144133734
414071128
747788148
354065452
242735274
638572524
271982118
8545655251
297132907
754893465
445876435
701095049
145530513
635535317
291586821
852748229
409219802
643239732
473839006
749236800
526081454
857225304
642552680
493989206
56476940
486216910
929862096
592588952
283172102
344856686
463105198
427272934
338271054
332288644
946467548
185127310
970556376
923376470
519755440
937542616
991123096
936274514
63298662
167914792
948075428
445507950
443311398
993401978
268163074
141261378
52072704
903586160
49045716
955104094
369107056
412351540
48369824
636419512
400301824
693499030
101366896
322856216
482982480
736953936
249474912
528819952
346933784
422163946
48576066
654246368
152668702
646160868
246815570
90923968
665449608
1377108
800687912
155513938
178828402
642223726
395540576
962534954
359267710
190699148
436732682
259554412
858720646
328615448
522624510
618555382
244297244
586173748
394100276
626731698
245525308
423861892
388822404
450290450
493600602
102692068
85022544
931875442
6352768
855855336
641860760
107106050
330136238
865959876
399396134
307534066
683815882
719725598
542469084
243834312
794927530
789096702
581369040
849997866
854634052
640812364
734438824
600940750
914334356
989983132
827488364
82658222
66190304
392022014
69207760
985432350
526545636
640900492
190516378
862864560
9330276
62553558
932880926
344094714
842520674
560846692
5716754
30976784
889281022
952902528
619055682
492052578
361802360
153613964
603597912
369662664
208455944
335578872
713275492
771088494
648360990
48447682
661509912
983070856
778929840
618157822
666042412
19531444
58509788
947929554
273680200
880460560
343647582
550258652
220659266
983072172
455349242
606557156
372004
354083308
464547908
517917758
901010286
291804940
942877288
55986578
403782674
359712328
788891444
482205582
337223710
811282704
131310370
334683647
763234547
185255999
22648801
926045973
950597669
908228246
815921398
332988070
390219622
77225570
809431392
57324060
289340688
163844238
348895790
51344888
439138254
776303268
955977308
574514840
88525148
764247408
704869232
901406176
93267482
597852820
308904550
676035132
923017972
301112950
381327530
128480214
831419690
376934922
52355402
243461496
106345792
404508934
684326386
293399274
305295926
81411014
620924246
649743052
95292336
714212816
618646672
317838854
969333392
283724954
581254952
101779670
309631100
556704700
575462880
642781710
943431266
196013606
224278702
296947304
985882402
53868376
682719500
302206626
101308200
212574146
7699396
72266238
860694326
184160472
181967392
967897518
20804512
34539046
111479220
455056060
396497966
47089218
89476786
355130240
263342810
50888676
504601874
681989214
643729754
951573382
843496362
527734710
18832482
934257434
58167632
734391070
961430334
258649112
449206532
278937968
901525086
879444968
565125726
44732838
297329540
633154960
267252906
623793264
669752220
326794442
166462898
268407432
246419000
69895230
297781524
99704924
289232176
480489300
799804824
605028378
481677678
31418308
925342902
24309334
170285140
520678212
938564784
816666418
218997428
28190080
219984016
329584030
719869004
171651452
866434600
31934488
243306096
498248658
463298646
473266150
499539010
468096224
524217654
364428756
592291142
162511936
275939360
760857504
306867098
864184272
263832572
934392566
311765432
395288812
382145882
181153666
339990558
759311878
46707576
401960890
573815376
306859262
486138612
861032824
987704872
83362068
181635852
969370890
864514170
871353522
197615260
845082110
444335016
42565828
748201298
321371106
25892198
609152896
243116430
418084796
171882306
82737266
836680274
5279294
443122266
826932214
513556804
660249160
355936022
380223804
200692658
711974556
450205570
555359494
58785723
207849145
423108051
196205011
83272751
980018473
806366139
948704723
112821699
665728247
783677375
599297591
425295827
407833053
741177017
905476713
365354767